GIMP Gradient
Name: Ironbow
432
0.000000 0.001157 0.002315 0.000000 0.000000 0.039216 1.000000 0.000000 0.000000 0.078431 1.000000 0 0 0 0
0.002315 0.003472 0.004630 0.000000 0.000000 0.078431 1.000000 0.000000 0.000000 0.117647 1.000000 0 0 0 0
0.004630 0.005787 0.006944 0.000000 0.000000 0.117647 1.000000 0.000000 0.000000 0.145098 1.000000 0 0 0 0
0.006944 0.008102 0.009259 0.000000 0.000000 0.145098 1.000000 0.000000 0.000000 0.164706 1.000000 0 0 0 0
0.009259 0.010417 0.011574 0.000000 0.000000 0.164706 1.000000 0.000000 0.000000 0.180392 1.000000 0 0 0 0
0.011574 0.012731 0.013889 0.000000 0.000000 0.180392 1.000000 0.000000 0.000000 0.196078 1.000000 0 0 0 0
0.013889 0.015046 0.016204 0.000000 0.000000 0.196078 1.000000 0.000000 0.000000 0.211765 1.000000 0 0 0 0
0.016204 0.017361 0.018519 0.000000 0.000000 0.211765 1.000000 0.000000 0.000000 0.227451 1.000000 0 0 0 0
0.018519 0.019676 0.020833 0.000000 0.000000 0.227451 1.000000 0.000000 0.000000 0.243137 1.000000 0 0 0 0
0.020833 0.021991 0.023148 0.000000 0.000000 0.243137 1.000000 0.000000 0.000000 0.258824 1.000000 0 0 0 0
0.023148 0.024306 0.025463 0.000000 0.000000 0.258824 1.000000 0.000000 0.000000 0.274510 1.000000 0 0 0 0
0.025463 0.026620 0.027778 0.000000 0.000000 0.274510 1.000000 0.000000 0.000000 0.290196 1.000000 0 0 0 0
0.027778 0.028935 0.030093 0.000000 0.000000 0.290196 1.000000 0.000000 0.000000 0.309804 1.000000 0 0 0 0
0.030093 0.031250 0.032407 0.000000 0.000000 0.309804 1.000000 0.000000 0.000000 0.321569 1.000000 0 0 0 0
0.032407 0.033565 0.034722 0.000000 0.000000 0.321569 1.000000 0.003922 0.000000 0.333333 1.000000 0 0 0 0
0.034722 0.035880 0.037037 0.003922 0.000000 0.333333 1.000000 0.003922 0.000000 0.341176 1.000000 0 0 0 0
0.037037 0.038194 0.039352 0.003922 0.000000 0.341176 1.000000 0.007843 0.000000 0.349020 1.000000 0 0 0 0
0.039352 0.040509 0.041667 0.007843 0.000000 0.349020 1.000000 0.007843 0.000000 0.360784 1.000000 0 0 0 0
0.041667 0.042824 0.043981 0.007843 0.000000 0.360784 1.000000 0.011765 0.000000 0.368627 1.000000 0 0 0 0
0.043981 0.045139 0.046296 0.011765 0.000000 0.368627 1.000000 0.015686 0.000000 0.380392 1.000000 0 0 0 0
0.046296 0.047454 0.048611 0.015686 0.000000 0.380392 1.000000 0.015686 0.000000 0.388235 1.000000 0 0 0 0
0.048611 0.049769 0.050926 0.015686 0.000000 0.388235 1.000000 0.019608 0.000000 0.396078 1.000000 0 0 0 0
0.050926 0.052083 0.053241 0.019608 0.000000 0.396078 1.000000 0.023529 0.000000 0.403922 1.000000 0 0 0 0
0.053241 0.054398 0.055556 0.023529 0.000000 0.403922 1.000000 0.027451 0.000000 0.411765 1.000000 0 0 0 0
0.055556 0.056713 0.057870 0.027451 0.000000 0.411765 1.000000 0.031373 0.000000 0.419608 1.000000 0 0 0 0
0.057870 0.059028 0.060185 0.031373 0.000000 0.419608 1.000000 0.035294 0.000000 0.431373 1.000000 0 0 0 0
0.060185 0.061343 0.062500 0.035294 0.000000 0.431373 1.000000 0.039216 0.000000 0.439216 1.000000 0 0 0 0
0.062500 0.063657 0.064815 0.039216 0.000000 0.439216 1.000000 0.043137 0.000000 0.450980 1.000000 0 0 0 0
0.064815 0.065972 0.067130 0.043137 0.000000 0.450980 1.000000 0.047059 0.000000 0.454902 1.000000 0 0 0 0
0.067130 0.068287 0.069444 0.047059 0.000000 0.454902 1.000000 0.050980 0.000000 0.458824 1.000000 0 0 0 0
0.069444 0.070602 0.071759 0.050980 0.000000 0.458824 1.000000 0.050980 0.000000 0.462745 1.000000 0 0 0 0
0.071759 0.072917 0.074074 0.050980 0.000000 0.462745 1.000000 0.054902 0.000000 0.466667 1.000000 0 0 0 0
0.074074 0.075231 0.076389 0.054902 0.000000 0.466667 1.000000 0.062745 0.000000 0.470588 1.000000 0 0 0 0
0.076389 0.077546 0.078704 0.062745 0.000000 0.470588 1.000000 0.070588 0.000000 0.474510 1.000000 0 0 0 0
0.078704 0.079861 0.081019 0.070588 0.000000 0.474510 1.000000 0.074510 0.000000 0.482353 1.000000 0 0 0 0
0.081019 0.082176 0.083333 0.074510 0.000000 0.482353 1.000000 0.082353 0.000000 0.486275 1.000000 0 0 0 0
0.083333 0.084491 0.085648 0.082353 0.000000 0.486275 1.000000 0.090196 0.000000 0.490196 1.000000 0 0 0 0
0.085648 0.086806 0.087963 0.090196 0.000000 0.490196 1.000000 0.098039 0.000000 0.494118 1.000000 0 0 0 0
0.087963 0.089120 0.090278 0.098039 0.000000 0.494118 1.000000 0.105882 0.000000 0.501961 1.000000 0 0 0 0
0.090278 0.091435 0.092593 0.105882 0.000000 0.501961 1.000000 0.109804 0.000000 0.505882 1.000000 0 0 0 0
0.092593 0.093750 0.094907 0.109804 0.000000 0.505882 1.000000 0.117647 0.000000 0.513725 1.000000 0 0 0 0
0.094907 0.096065 0.097222 0.117647 0.000000 0.513725 1.000000 0.125490 0.000000 0.517647 1.000000 0 0 0 0
0.097222 0.098380 0.099537 0.125490 0.000000 0.517647 1.000000 0.133333 0.000000 0.521569 1.000000 0 0 0 0
0.099537 0.100694 0.101852 0.133333 0.000000 0.521569 1.000000 0.141176 0.000000 0.525490 1.000000 0 0 0 0
0.101852 0.103009 0.104167 0.141176 0.000000 0.525490 1.000000 0.149020 0.000000 0.529412 1.000000 0 0 0 0
0.104167 0.105324 0.106481 0.149020 0.000000 0.529412 1.000000 0.156863 0.000000 0.537255 1.000000 0 0 0 0
0.106481 0.107639 0.108796 0.156863 0.000000 0.537255 1.000000 0.164706 0.000000 0.537255 1.000000 0 0 0 0
0.108796 0.109954 0.111111 0.164706 0.000000 0.537255 1.000000 0.172549 0.000000 0.541176 1.000000 0 0 0 0
0.111111 0.112269 0.113426 0.172549 0.000000 0.541176 1.000000 0.180392 0.000000 0.545098 1.000000 0 0 0 0
0.113426 0.114583 0.115741 0.180392 0.000000 0.545098 1.000000 0.188235 0.000000 0.549020 1.000000 0 0 0 0
0.115741 0.116898 0.118056 0.188235 0.000000 0.549020 1.000000 0.196078 0.000000 0.552941 1.000000 0 0 0 0
0.118056 0.119213 0.120370 0.196078 0.000000 0.552941 1.000000 0.203922 0.000000 0.556863 1.000000 0 0 0 0
0.120370 0.121528 0.122685 0.203922 0.000000 0.556863 1.000000 0.211765 0.000000 0.556863 1.000000 0 0 0 0
0.122685 0.123843 0.125000 0.211765 0.000000 0.556863 1.000000 0.219608 0.000000 0.560784 1.000000 0 0 0 0
0.125000 0.126157 0.127315 0.219608 0.000000 0.560784 1.000000 0.223529 0.000000 0.564706 1.000000 0 0 0 0
0.127315 0.128472 0.129630 0.223529 0.000000 0.564706 1.000000 0.231373 0.000000 0.568627 1.000000 0 0 0 0
0.129630 0.130787 0.131944 0.231373 0.000000 0.568627 1.000000 0.235294 0.000000 0.572549 1.000000 0 0 0 0
0.131944 0.133102 0.134259 0.235294 0.000000 0.572549 1.000000 0.243137 0.000000 0.576471 1.000000 0 0 0 0
0.134259 0.135417 0.136574 0.243137 0.000000 0.576471 1.000000 0.247059 0.000000 0.576471 1.000000 0 0 0 0
0.136574 0.137731 0.138889 0.247059 0.000000 0.576471 1.000000 0.254902 0.000000 0.580392 1.000000 0 0 0 0
0.138889 0.140046 0.141204 0.254902 0.000000 0.580392 1.000000 0.258824 0.000000 0.584314 1.000000 0 0 0 0
0.141204 0.142361 0.143519 0.258824 0.000000 0.584314 1.000000 0.266667 0.000000 0.584314 1.000000 0 0 0 0
0.143519 0.144676 0.145833 0.266667 0.000000 0.584314 1.000000 0.270588 0.000000 0.588235 1.000000 0 0 0 0
0.145833 0.146991 0.148148 0.270588 0.000000 0.588235 1.000000 0.278431 0.000000 0.588235 1.000000 0 0 0 0
0.148148 0.149306 0.150463 0.278431 0.000000 0.588235 1.000000 0.286275 0.000000 0.588235 1.000000 0 0 0 0
0.150463 0.151620 0.152778 0.286275 0.000000 0.588235 1.000000 0.290196 0.000000 0.588235 1.000000 0 0 0 0
0.152778 0.153935 0.155093 0.290196 0.000000 0.588235 1.000000 0.298039 0.000000 0.592157 1.000000 0 0 0 0
0.155093 0.156250 0.157407 0.298039 0.000000 0.592157 1.000000 0.305882 0.000000 0.592157 1.000000 0 0 0 0
0.157407 0.158565 0.159722 0.305882 0.000000 0.592157 1.000000 0.309804 0.000000 0.592157 1.000000 0 0 0 0
0.159722 0.160880 0.162037 0.309804 0.000000 0.592157 1.000000 0.317647 0.000000 0.592157 1.000000 0 0 0 0
0.162037 0.163194 0.164352 0.317647 0.000000 0.592157 1.000000 0.321569 0.000000 0.596078 1.000000 0 0 0 0
0.164352 0.165509 0.166667 0.321569 0.000000 0.596078 1.000000 0.329412 0.000000 0.596078 1.000000 0 0 0 0
0.166667 0.167824 0.168981 0.329412 0.000000 0.596078 1.000000 0.337255 0.000000 0.596078 1.000000 0 0 0 0
0.168981 0.170139 0.171296 0.337255 0.000000 0.596078 1.000000 0.345098 0.000000 0.600000 1.000000 0 0 0 0
0.171296 0.172454 0.173611 0.345098 0.000000 0.600000 1.000000 0.352941 0.000000 0.600000 1.000000 0 0 0 0
0.173611 0.174769 0.175926 0.352941 0.000000 0.600000 1.000000 0.360784 0.000000 0.600000 1.000000 0 0 0 0
0.175926 0.177083 0.178241 0.360784 0.000000 0.600000 1.000000 0.364706 0.000000 0.603922 1.000000 0 0 0 0
0.178241 0.179398 0.180556 0.364706 0.000000 0.603922 1.000000 0.372549 0.000000 0.603922 1.000000 0 0 0 0
0.180556 0.181713 0.182870 0.372549 0.000000 0.603922 1.000000 0.380392 0.000000 0.607843 1.000000 0 0 0 0
0.182870 0.184028 0.185185 0.380392 0.000000 0.607843 1.000000 0.388235 0.000000 0.607843 1.000000 0 0 0 0
0.185185 0.186343 0.187500 0.388235 0.000000 0.607843 1.000000 0.392157 0.000000 0.607843 1.000000 0 0 0 0
0.187500 0.188657 0.189815 0.392157 0.000000 0.607843 1.000000 0.400000 0.000000 0.607843 1.000000 0 0 0 0
0.189815 0.190972 0.192130 0.400000 0.000000 0.607843 1.000000 0.407843 0.000000 0.607843 1.000000 0 0 0 0
0.192130 0.193287 0.194444 0.407843 0.000000 0.607843 1.000000 0.415686 0.000000 0.607843 1.000000 0 0 0 0
0.194444 0.195602 0.196759 0.415686 0.000000 0.607843 1.000000 0.423529 0.000000 0.611765 1.000000 0 0 0 0
0.196759 0.197917 0.199074 0.423529 0.000000 0.611765 1.000000 0.427451 0.000000 0.611765 1.000000 0 0 0 0
0.199074 0.200231 0.201389 0.427451 0.000000 0.611765 1.000000 0.435294 0.000000 0.611765 1.000000 0 0 0 0
0.201389 0.202546 0.203704 0.435294 0.000000 0.611765 1.000000 0.439216 0.000000 0.611765 1.000000 0 0 0 0
0.203704 0.204861 0.206019 0.439216 0.000000 0.611765 1.000000 0.443137 0.000000 0.615686 1.000000 0 0 0 0
0.206019 0.207176 0.208333 0.443137 0.000000 0.615686 1.000000 0.450980 0.000000 0.615686 1.000000 0 0 0 0
0.208333 0.209491 0.210648 0.450980 0.000000 0.615686 1.000000 0.458824 0.000000 0.615686 1.000000 0 0 0 0
0.210648 0.211806 0.212963 0.458824 0.000000 0.615686 1.000000 0.466667 0.000000 0.615686 1.000000 0 0 0 0
0.212963 0.214120 0.215278 0.466667 0.000000 0.615686 1.000000 0.470588 0.000000 0.615686 1.000000 0 0 0 0
0.215278 0.216435 0.217593 0.470588 0.000000 0.615686 1.000000 0.478431 0.000000 0.615686 1.000000 0 0 0 0
0.217593 0.218750 0.219907 0.478431 0.000000 0.615686 1.000000 0.486275 0.000000 0.615686 1.000000 0 0 0 0
0.219907 0.221065 0.222222 0.486275 0.000000 0.615686 1.000000 0.494118 0.000000 0.615686 1.000000 0 0 0 0
0.222222 0.223380 0.224537 0.494118 0.000000 0.615686 1.000000 0.498039 0.000000 0.615686 1.000000 0 0 0 0
0.224537 0.225694 0.226852 0.498039 0.000000 0.615686 1.000000 0.505882 0.000000 0.615686 1.000000 0 0 0 0
0.226852 0.228009 0.229167 0.505882 0.000000 0.615686 1.000000 0.513725 0.000000 0.615686 1.000000 0 0 0 0
0.229167 0.230324 0.231481 0.513725 0.000000 0.615686 1.000000 0.517647 0.000000 0.615686 1.000000 0 0 0 0
0.231481 0.232639 0.233796 0.517647 0.000000 0.615686 1.000000 0.525490 0.000000 0.615686 1.000000 0 0 0 0
0.233796 0.234954 0.236111 0.525490 0.000000 0.615686 1.000000 0.529412 0.000000 0.615686 1.000000 0 0 0 0
0.236111 0.237269 0.238426 0.529412 0.000000 0.615686 1.000000 0.537255 0.000000 0.615686 1.000000 0 0 0 0
0.238426 0.239583 0.240741 0.537255 0.000000 0.615686 1.000000 0.541176 0.000000 0.615686 1.000000 0 0 0 0
0.240741 0.241898 0.243056 0.541176 0.000000 0.615686 1.000000 0.545098 0.000000 0.615686 1.000000 0 0 0 0
0.243056 0.244213 0.245370 0.545098 0.000000 0.615686 1.000000 0.552941 0.000000 0.615686 1.000000 0 0 0 0
0.245370 0.246528 0.247685 0.552941 0.000000 0.615686 1.000000 0.560784 0.000000 0.611765 1.000000 0 0 0 0
0.247685 0.248843 0.250000 0.560784 0.000000 0.611765 1.000000 0.568627 0.000000 0.611765 1.000000 0 0 0 0
0.250000 0.251157 0.252315 0.568627 0.000000 0.611765 1.000000 0.576471 0.000000 0.611765 1.000000 0 0 0 0
0.252315 0.253472 0.254630 0.576471 0.000000 0.611765 1.000000 0.584314 0.000000 0.611765 1.000000 0 0 0 0
0.254630 0.255787 0.256944 0.584314 0.000000 0.611765 1.000000 0.588235 0.000000 0.607843 1.000000 0 0 0 0
0.256944 0.258102 0.259259 0.588235 0.000000 0.607843 1.000000 0.596078 0.000000 0.607843 1.000000 0 0 0 0
0.259259 0.260417 0.261574 0.596078 0.000000 0.607843 1.000000 0.600000 0.000000 0.607843 1.000000 0 0 0 0
0.261574 0.262731 0.263889 0.600000 0.000000 0.607843 1.000000 0.607843 0.000000 0.607843 1.000000 0 0 0 0
0.263889 0.265046 0.266204 0.607843 0.000000 0.607843 1.000000 0.611765 0.000000 0.607843 1.000000 0 0 0 0
0.266204 0.267361 0.268519 0.611765 0.000000 0.607843 1.000000 0.615686 0.000000 0.607843 1.000000 0 0 0 0
0.268519 0.269676 0.270833 0.615686 0.000000 0.607843 1.000000 0.623529 0.000000 0.607843 1.000000 0 0 0 0
0.270833 0.271991 0.273148 0.623529 0.000000 0.607843 1.000000 0.627451 0.000000 0.607843 1.000000 0 0 0 0
0.273148 0.274306 0.275463 0.627451 0.000000 0.607843 1.000000 0.635294 0.000000 0.607843 1.000000 0 0 0 0
0.275463 0.276620 0.277778 0.635294 0.000000 0.607843 1.000000 0.639216 0.000000 0.607843 1.000000 0 0 0 0
0.277778 0.278935 0.280093 0.639216 0.000000 0.607843 1.000000 0.643137 0.000000 0.607843 1.000000 0 0 0 0
0.280093 0.281250 0.282407 0.643137 0.000000 0.607843 1.000000 0.650980 0.000000 0.603922 1.000000 0 0 0 0
0.282407 0.283565 0.284722 0.650980 0.000000 0.603922 1.000000 0.654902 0.000000 0.603922 1.000000 0 0 0 0
0.284722 0.285880 0.287037 0.654902 0.000000 0.603922 1.000000 0.658824 0.000000 0.603922 1.000000 0 0 0 0
0.287037 0.288194 0.289352 0.658824 0.000000 0.603922 1.000000 0.662745 0.000000 0.600000 1.000000 0 0 0 0
0.289352 0.290509 0.291667 0.662745 0.000000 0.600000 1.000000 0.666667 0.000000 0.600000 1.000000 0 0 0 0
0.291667 0.292824 0.293981 0.666667 0.000000 0.600000 1.000000 0.670588 0.000000 0.600000 1.000000 0 0 0 0
0.293981 0.295139 0.296296 0.670588 0.000000 0.600000 1.000000 0.678431 0.000000 0.600000 1.000000 0 0 0 0
0.296296 0.297454 0.298611 0.678431 0.000000 0.600000 1.000000 0.682353 0.003922 0.596078 1.000000 0 0 0 0
0.298611 0.299769 0.300926 0.682353 0.003922 0.596078 1.000000 0.686275 0.003922 0.596078 1.000000 0 0 0 0
0.300926 0.302083 0.303241 0.686275 0.003922 0.596078 1.000000 0.690196 0.003922 0.596078 1.000000 0 0 0 0
0.303241 0.304398 0.305556 0.690196 0.003922 0.596078 1.000000 0.690196 0.003922 0.596078 1.000000 0 0 0 0
0.305556 0.306713 0.307870 0.690196 0.003922 0.596078 1.000000 0.694118 0.003922 0.592157 1.000000 0 0 0 0
0.307870 0.309028 0.310185 0.694118 0.003922 0.592157 1.000000 0.698039 0.003922 0.592157 1.000000 0 0 0 0
0.310185 0.311343 0.312500 0.698039 0.003922 0.592157 1.000000 0.701961 0.003922 0.588235 1.000000 0 0 0 0
0.312500 0.313657 0.314815 0.701961 0.003922 0.588235 1.000000 0.705882 0.007843 0.588235 1.000000 0 0 0 0
0.314815 0.315972 0.317130 0.705882 0.007843 0.588235 1.000000 0.709804 0.007843 0.584314 1.000000 0 0 0 0
0.317130 0.318287 0.319444 0.709804 0.007843 0.584314 1.000000 0.713725 0.007843 0.584314 1.000000 0 0 0 0
0.319444 0.320602 0.321759 0.713725 0.007843 0.584314 1.000000 0.717647 0.011765 0.584314 1.000000 0 0 0 0
0.321759 0.322917 0.324074 0.717647 0.011765 0.584314 1.000000 0.721569 0.011765 0.584314 1.000000 0 0 0 0
0.324074 0.325231 0.326389 0.721569 0.011765 0.584314 1.000000 0.725490 0.015686 0.584314 1.000000 0 0 0 0
0.326389 0.327546 0.328704 0.725490 0.015686 0.584314 1.000000 0.729412 0.015686 0.584314 1.000000 0 0 0 0
0.328704 0.329861 0.331019 0.729412 0.015686 0.584314 1.000000 0.729412 0.015686 0.580392 1.000000 0 0 0 0
0.331019 0.332176 0.333333 0.729412 0.015686 0.580392 1.000000 0.733333 0.019608 0.576471 1.000000 0 0 0 0
0.333333 0.334491 0.335648 0.733333 0.019608 0.576471 1.000000 0.737255 0.019608 0.576471 1.000000 0 0 0 0
0.335648 0.336806 0.337963 0.737255 0.019608 0.576471 1.000000 0.741176 0.019608 0.576471 1.000000 0 0 0 0
0.337963 0.339120 0.340278 0.741176 0.019608 0.576471 1.000000 0.745098 0.023529 0.572549 1.000000 0 0 0 0
0.340278 0.341435 0.342593 0.745098 0.023529 0.572549 1.000000 0.749020 0.023529 0.572549 1.000000 0 0 0 0
0.342593 0.343750 0.344907 0.749020 0.023529 0.572549 1.000000 0.749020 0.023529 0.572549 1.000000 0 0 0 0
0.344907 0.346065 0.347222 0.749020 0.023529 0.572549 1.000000 0.752941 0.027451 0.568627 1.000000 0 0 0 0
0.347222 0.348380 0.349537 0.752941 0.027451 0.568627 1.000000 0.752941 0.027451 0.568627 1.000000 0 0 0 0
0.349537 0.350694 0.351852 0.752941 0.027451 0.568627 1.000000 0.756863 0.031373 0.564706 1.000000 0 0 0 0
0.351852 0.353009 0.354167 0.756863 0.031373 0.564706 1.000000 0.756863 0.035294 0.564706 1.000000 0 0 0 0
0.354167 0.355324 0.356481 0.756863 0.035294 0.564706 1.000000 0.760784 0.039216 0.560784 1.000000 0 0 0 0
0.356481 0.357639 0.358796 0.760784 0.039216 0.560784 1.000000 0.764706 0.039216 0.556863 1.000000 0 0 0 0
0.358796 0.359954 0.361111 0.764706 0.039216 0.556863 1.000000 0.764706 0.043137 0.556863 1.000000 0 0 0 0
0.361111 0.362269 0.363426 0.764706 0.043137 0.556863 1.000000 0.768627 0.047059 0.552941 1.000000 0 0 0 0
0.363426 0.364583 0.365741 0.768627 0.047059 0.552941 1.000000 0.772549 0.047059 0.549020 1.000000 0 0 0 0
0.365741 0.366898 0.368056 0.772549 0.047059 0.549020 1.000000 0.776471 0.050980 0.545098 1.000000 0 0 0 0
0.368056 0.369213 0.370370 0.776471 0.050980 0.545098 1.000000 0.776471 0.054902 0.541176 1.000000 0 0 0 0
0.370370 0.371528 0.372685 0.776471 0.054902 0.541176 1.000000 0.780392 0.058824 0.537255 1.000000 0 0 0 0
0.372685 0.373843 0.375000 0.780392 0.058824 0.537255 1.000000 0.784314 0.062745 0.533333 1.000000 0 0 0 0
0.375000 0.376157 0.377315 0.784314 0.062745 0.533333 1.000000 0.788235 0.066667 0.529412 1.000000 0 0 0 0
0.377315 0.378472 0.379630 0.788235 0.066667 0.529412 1.000000 0.792157 0.070588 0.525490 1.000000 0 0 0 0
0.379630 0.380787 0.381944 0.792157 0.070588 0.525490 1.000000 0.792157 0.074510 0.521569 1.000000 0 0 0 0
0.381944 0.383102 0.384259 0.792157 0.074510 0.521569 1.000000 0.796078 0.074510 0.521569 1.000000 0 0 0 0
0.384259 0.385417 0.386574 0.796078 0.074510 0.521569 1.000000 0.796078 0.078431 0.517647 1.000000 0 0 0 0
0.386574 0.387731 0.388889 0.796078 0.078431 0.517647 1.000000 0.800000 0.082353 0.509804 1.000000 0 0 0 0
0.388889 0.390046 0.391204 0.800000 0.082353 0.509804 1.000000 0.803922 0.086275 0.505882 1.000000 0 0 0 0
0.391204 0.392361 0.393519 0.803922 0.086275 0.505882 1.000000 0.807843 0.090196 0.501961 1.000000 0 0 0 0
0.393519 0.394676 0.395833 0.807843 0.090196 0.501961 1.000000 0.807843 0.094118 0.494118 1.000000 0 0 0 0
0.395833 0.396991 0.398148 0.807843 0.094118 0.494118 1.000000 0.811765 0.094118 0.486275 1.000000 0 0 0 0
0.398148 0.399306 0.400463 0.811765 0.094118 0.486275 1.000000 0.811765 0.098039 0.482353 1.000000 0 0 0 0
0.400463 0.401620 0.402778 0.811765 0.098039 0.482353 1.000000 0.815686 0.101961 0.474510 1.000000 0 0 0 0
0.402778 0.403935 0.405093 0.815686 0.101961 0.474510 1.000000 0.819608 0.105882 0.470588 1.000000 0 0 0 0
0.405093 0.406250 0.407407 0.819608 0.105882 0.470588 1.000000 0.819608 0.109804 0.462745 1.000000 0 0 0 0
0.407407 0.408565 0.409722 0.819608 0.109804 0.462745 1.000000 0.823529 0.109804 0.458824 1.000000 0 0 0 0
0.409722 0.410880 0.412037 0.823529 0.109804 0.458824 1.000000 0.823529 0.113725 0.454902 1.000000 0 0 0 0
0.412037 0.413194 0.414352 0.823529 0.113725 0.454902 1.000000 0.827451 0.117647 0.447059 1.000000 0 0 0 0
0.414352 0.415509 0.416667 0.827451 0.117647 0.447059 1.000000 0.827451 0.125490 0.443137 1.000000 0 0 0 0
0.416667 0.417824 0.418981 0.827451 0.125490 0.443137 1.000000 0.831373 0.129412 0.435294 1.000000 0 0 0 0
0.418981 0.420139 0.421296 0.831373 0.129412 0.435294 1.000000 0.831373 0.133333 0.431373 1.000000 0 0 0 0
0.421296 0.422454 0.423611 0.831373 0.133333 0.431373 1.000000 0.835294 0.137255 0.419608 1.000000 0 0 0 0
0.423611 0.424769 0.425926 0.835294 0.137255 0.419608 1.000000 0.835294 0.141176 0.411765 1.000000 0 0 0 0
0.425926 0.427083 0.428241 0.835294 0.141176 0.411765 1.000000 0.839216 0.145098 0.403922 1.000000 0 0 0 0
0.428241 0.429398 0.430556 0.839216 0.145098 0.403922 1.000000 0.843137 0.149020 0.396078 1.000000 0 0 0 0
0.430556 0.431713 0.432870 0.843137 0.149020 0.396078 1.000000 0.847059 0.152941 0.392157 1.000000 0 0 0 0
0.432870 0.434028 0.435185 0.847059 0.152941 0.392157 1.000000 0.847059 0.156863 0.384314 1.000000 0 0 0 0
0.435185 0.436343 0.437500 0.847059 0.156863 0.384314 1.000000 0.850980 0.164706 0.376471 1.000000 0 0 0 0
0.437500 0.438657 0.439815 0.850980 0.164706 0.376471 1.000000 0.854902 0.168627 0.368627 1.000000 0 0 0 0
0.439815 0.440972 0.442130 0.854902 0.168627 0.368627 1.000000 0.854902 0.172549 0.360784 1.000000 0 0 0 0
0.442130 0.443287 0.444444 0.854902 0.172549 0.360784 1.000000 0.858824 0.180392 0.352941 1.000000 0 0 0 0
0.444444 0.445602 0.446759 0.858824 0.180392 0.352941 1.000000 0.858824 0.184314 0.341176 1.000000 0 0 0 0
0.446759 0.447917 0.449074 0.858824 0.184314 0.341176 1.000000 0.862745 0.184314 0.329412 1.000000 0 0 0 0
0.449074 0.450231 0.451389 0.862745 0.184314 0.329412 1.000000 0.866667 0.188235 0.317647 1.000000 0 0 0 0
0.451389 0.452546 0.453704 0.866667 0.188235 0.317647 1.000000 0.866667 0.192157 0.305882 1.000000 0 0 0 0
0.453704 0.454861 0.456019 0.866667 0.192157 0.305882 1.000000 0.870588 0.196078 0.290196 1.000000 0 0 0 0
0.456019 0.457176 0.458333 0.870588 0.196078 0.290196 1.000000 0.870588 0.200000 0.278431 1.000000 0 0 0 0
0.458333 0.459491 0.460648 0.870588 0.200000 0.278431 1.000000 0.874510 0.203922 0.266667 1.000000 0 0 0 0
0.460648 0.461806 0.462963 0.874510 0.203922 0.266667 1.000000 0.874510 0.207843 0.254902 1.000000 0 0 0 0
0.462963 0.464120 0.465278 0.874510 0.207843 0.254902 1.000000 0.874510 0.211765 0.239216 1.000000 0 0 0 0
0.465278 0.466435 0.467593 0.874510 0.211765 0.239216 1.000000 0.878431 0.215686 0.227451 1.000000 0 0 0 0
0.467593 0.468750 0.469907 0.878431 0.215686 0.227451 1.000000 0.878431 0.219608 0.215686 1.000000 0 0 0 0
0.469907 0.471065 0.472222 0.878431 0.219608 0.215686 1.000000 0.878431 0.223529 0.200000 1.000000 0 0 0 0
0.472222 0.473380 0.474537 0.878431 0.223529 0.200000 1.000000 0.882353 0.227451 0.188235 1.000000 0 0 0 0
0.474537 0.475694 0.476852 0.882353 0.227451 0.188235 1.000000 0.886275 0.231373 0.176471 1.000000 0 0 0 0
0.476852 0.478009 0.479167 0.886275 0.231373 0.176471 1.000000 0.886275 0.235294 0.164706 1.000000 0 0 0 0
0.479167 0.480324 0.481481 0.886275 0.235294 0.164706 1.000000 0.890196 0.239216 0.149020 1.000000 0 0 0 0
0.481481 0.482639 0.483796 0.890196 0.239216 0.149020 1.000000 0.890196 0.243137 0.137255 1.000000 0 0 0 0
0.483796 0.484954 0.486111 0.890196 0.243137 0.137255 1.000000 0.894118 0.247059 0.125490 1.000000 0 0 0 0
0.486111 0.487269 0.488426 0.894118 0.247059 0.125490 1.000000 0.894118 0.254902 0.113725 1.000000 0 0 0 0
0.488426 0.489583 0.490741 0.894118 0.254902 0.113725 1.000000 0.894118 0.258824 0.109804 1.000000 0 0 0 0
0.490741 0.491898 0.493056 0.894118 0.258824 0.109804 1.000000 0.898039 0.262745 0.105882 1.000000 0 0 0 0
0.493056 0.494213 0.495370 0.898039 0.262745 0.105882 1.000000 0.898039 0.266667 0.098039 1.000000 0 0 0 0
0.495370 0.496528 0.497685 0.898039 0.266667 0.098039 1.000000 0.898039 0.270588 0.094118 1.000000 0 0 0 0
0.497685 0.498843 0.500000 0.898039 0.270588 0.094118 1.000000 0.901961 0.274510 0.086275 1.000000 0 0 0 0
0.500000 0.501157 0.502315 0.901961 0.274510 0.086275 1.000000 0.905882 0.278431 0.082353 1.000000 0 0 0 0
0.502315 0.503472 0.504630 0.905882 0.278431 0.082353 1.000000 0.905882 0.282353 0.078431 1.000000 0 0 0 0
0.504630 0.505787 0.506944 0.905882 0.282353 0.078431 1.000000 0.905882 0.286275 0.074510 1.000000 0 0 0 0
0.506944 0.508102 0.509259 0.905882 0.286275 0.074510 1.000000 0.909804 0.290196 0.070588 1.000000 0 0 0 0
0.509259 0.510417 0.511574 0.909804 0.290196 0.070588 1.000000 0.909804 0.298039 0.062745 1.000000 0 0 0 0
0.511574 0.512731 0.513889 0.909804 0.298039 0.062745 1.000000 0.909804 0.298039 0.058824 1.000000 0 0 0 0
0.513889 0.515046 0.516204 0.909804 0.298039 0.058824 1.000000 0.913725 0.301961 0.054902 1.000000 0 0 0 0
0.516204 0.517361 0.518519 0.913725 0.301961 0.054902 1.000000 0.913725 0.301961 0.050980 1.000000 0 0 0 0
0.518519 0.519676 0.520833 0.913725 0.301961 0.050980 1.000000 0.917647 0.305882 0.047059 1.000000 0 0 0 0
0.520833 0.521991 0.523148 0.917647 0.305882 0.047059 1.000000 0.917647 0.309804 0.047059 1.000000 0 0 0 0
0.523148 0.524306 0.525463 0.917647 0.309804 0.047059 1.000000 0.921569 0.313725 0.043137 1.000000 0 0 0 0
0.525463 0.526620 0.527778 0.921569 0.313725 0.043137 1.000000 0.921569 0.317647 0.039216 1.000000 0 0 0 0
0.527778 0.528935 0.530093 0.921569 0.317647 0.039216 1.000000 0.921569 0.321569 0.039216 1.000000 0 0 0 0
0.530093 0.531250 0.532407 0.921569 0.321569 0.039216 1.000000 0.921569 0.325490 0.035294 1.000000 0 0 0 0
0.532407 0.533565 0.534722 0.921569 0.325490 0.035294 1.000000 0.925490 0.329412 0.035294 1.000000 0 0 0 0
0.534722 0.535880 0.537037 0.925490 0.329412 0.035294 1.000000 0.925490 0.337255 0.031373 1.000000 0 0 0 0
0.537037 0.538194 0.539352 0.925490 0.337255 0.031373 1.000000 0.925490 0.341176 0.031373 1.000000 0 0 0 0
0.539352 0.540509 0.541667 0.925490 0.341176 0.031373 1.000000 0.925490 0.345098 0.031373 1.000000 0 0 0 0
0.541667 0.542824 0.543981 0.925490 0.345098 0.031373 1.000000 0.929412 0.349020 0.027451 1.000000 0 0 0 0
0.543981 0.545139 0.546296 0.929412 0.349020 0.027451 1.000000 0.929412 0.352941 0.027451 1.000000 0 0 0 0
0.546296 0.547454 0.548611 0.929412 0.352941 0.027451 1.000000 0.929412 0.356863 0.023529 1.000000 0 0 0 0
0.548611 0.549769 0.550926 0.929412 0.356863 0.023529 1.000000 0.933333 0.360784 0.023529 1.000000 0 0 0 0
0.550926 0.552083 0.553241 0.933333 0.360784 0.023529 1.000000 0.933333 0.360784 0.019608 1.000000 0 0 0 0
0.553241 0.554398 0.555556 0.933333 0.360784 0.019608 1.000000 0.933333 0.364706 0.019608 1.000000 0 0 0 0
0.555556 0.556713 0.557870 0.933333 0.364706 0.019608 1.000000 0.933333 0.368627 0.019608 1.000000 0 0 0 0
0.557870 0.559028 0.560185 0.933333 0.368627 0.019608 1.000000 0.937255 0.372549 0.015686 1.000000 0 0 0 0
0.560185 0.561343 0.562500 0.937255 0.372549 0.015686 1.000000 0.937255 0.376471 0.015686 1.000000 0 0 0 0
0.562500 0.563657 0.564815 0.937255 0.376471 0.015686 1.000000 0.937255 0.380392 0.015686 1.000000 0 0 0 0
0.564815 0.565972 0.567130 0.937255 0.380392 0.015686 1.000000 0.937255 0.384314 0.015686 1.000000 0 0 0 0
0.567130 0.568287 0.569444 0.937255 0.384314 0.015686 1.000000 0.941176 0.388235 0.011765 1.000000 0 0 0 0
0.569444 0.570602 0.571759 0.941176 0.388235 0.011765 1.000000 0.941176 0.392157 0.011765 1.000000 0 0 0 0
0.571759 0.572917 0.574074 0.941176 0.392157 0.011765 1.000000 0.941176 0.396078 0.011765 1.000000 0 0 0 0
0.574074 0.575231 0.576389 0.941176 0.396078 0.011765 1.000000 0.945098 0.400000 0.011765 1.000000 0 0 0 0
0.576389 0.577546 0.578704 0.945098 0.400000 0.011765 1.000000 0.945098 0.400000 0.011765 1.000000 0 0 0 0
0.578704 0.579861 0.581019 0.945098 0.400000 0.011765 1.000000 0.945098 0.403922 0.011765 1.000000 0 0 0 0
0.581019 0.582176 0.583333 0.945098 0.403922 0.011765 1.000000 0.945098 0.407843 0.011765 1.000000 0 0 0 0
0.583333 0.584491 0.585648 0.945098 0.407843 0.011765 1.000000 0.945098 0.411765 0.007843 1.000000 0 0 0 0
0.585648 0.586806 0.587963 0.945098 0.411765 0.007843 1.000000 0.945098 0.415686 0.007843 1.000000 0 0 0 0
0.587963 0.589120 0.590278 0.945098 0.415686 0.007843 1.000000 0.945098 0.419608 0.007843 1.000000 0 0 0 0
0.590278 0.591435 0.592593 0.945098 0.419608 0.007843 1.000000 0.945098 0.419608 0.007843 1.000000 0 0 0 0
0.592593 0.593750 0.594907 0.945098 0.419608 0.007843 1.000000 0.949020 0.423529 0.003922 1.000000 0 0 0 0
0.594907 0.596065 0.597222 0.949020 0.423529 0.003922 1.000000 0.949020 0.427451 0.003922 1.000000 0 0 0 0
0.597222 0.598380 0.599537 0.949020 0.427451 0.003922 1.000000 0.949020 0.431373 0.003922 1.000000 0 0 0 0
0.599537 0.600694 0.601852 0.949020 0.431373 0.003922 1.000000 0.952941 0.435294 0.003922 1.000000 0 0 0 0
0.601852 0.603009 0.604167 0.952941 0.435294 0.003922 1.000000 0.952941 0.439216 0.003922 1.000000 0 0 0 0
0.604167 0.605324 0.606481 0.952941 0.439216 0.003922 1.000000 0.952941 0.443137 0.003922 1.000000 0 0 0 0
0.606481 0.607639 0.608796 0.952941 0.443137 0.003922 1.000000 0.952941 0.447059 0.003922 1.000000 0 0 0 0
0.608796 0.609954 0.611111 0.952941 0.447059 0.003922 1.000000 0.956863 0.450980 0.000000 1.000000 0 0 0 0
0.611111 0.612269 0.613426 0.956863 0.450980 0.000000 1.000000 0.956863 0.454902 0.000000 1.000000 0 0 0 0
0.613426 0.614583 0.615741 0.956863 0.454902 0.000000 1.000000 0.956863 0.458824 0.000000 1.000000 0 0 0 0
0.615741 0.616898 0.618056 0.956863 0.458824 0.000000 1.000000 0.956863 0.462745 0.000000 1.000000 0 0 0 0
0.618056 0.619213 0.620370 0.956863 0.462745 0.000000 1.000000 0.956863 0.466667 0.000000 1.000000 0 0 0 0
0.620370 0.621528 0.622685 0.956863 0.466667 0.000000 1.000000 0.956863 0.470588 0.000000 1.000000 0 0 0 0
0.622685 0.623843 0.625000 0.956863 0.470588 0.000000 1.000000 0.956863 0.478431 0.000000 1.000000 0 0 0 0
0.625000 0.626157 0.627315 0.956863 0.478431 0.000000 1.000000 0.960784 0.482353 0.000000 1.000000 0 0 0 0
0.627315 0.628472 0.629630 0.960784 0.482353 0.000000 1.000000 0.960784 0.486275 0.000000 1.000000 0 0 0 0
0.629630 0.630787 0.631944 0.960784 0.486275 0.000000 1.000000 0.960784 0.494118 0.000000 1.000000 0 0 0 0
0.631944 0.633102 0.634259 0.960784 0.494118 0.000000 1.000000 0.960784 0.498039 0.000000 1.000000 0 0 0 0
0.634259 0.635417 0.636574 0.960784 0.498039 0.000000 1.000000 0.964706 0.501961 0.000000 1.000000 0 0 0 0
0.636574 0.637731 0.638889 0.964706 0.501961 0.000000 1.000000 0.964706 0.505882 0.000000 1.000000 0 0 0 0
0.638889 0.640046 0.641204 0.964706 0.505882 0.000000 1.000000 0.964706 0.509804 0.000000 1.000000 0 0 0 0
0.641204 0.642361 0.643519 0.964706 0.509804 0.000000 1.000000 0.968627 0.513725 0.000000 1.000000 0 0 0 0
0.643519 0.644676 0.645833 0.968627 0.513725 0.000000 1.000000 0.968627 0.517647 0.000000 1.000000 0 0 0 0
0.645833 0.646991 0.648148 0.968627 0.517647 0.000000 1.000000 0.968627 0.521569 0.000000 1.000000 0 0 0 0
0.648148 0.649306 0.650463 0.968627 0.521569 0.000000 1.000000 0.968627 0.525490 0.000000 1.000000 0 0 0 0
0.650463 0.651620 0.652778 0.968627 0.525490 0.000000 1.000000 0.972549 0.529412 0.000000 1.000000 0 0 0 0
0.652778 0.653935 0.655093 0.972549 0.529412 0.000000 1.000000 0.972549 0.533333 0.000000 1.000000 0 0 0 0
0.655093 0.656250 0.657407 0.972549 0.533333 0.000000 1.000000 0.972549 0.533333 0.000000 1.000000 0 0 0 0
0.657407 0.658565 0.659722 0.972549 0.533333 0.000000 1.000000 0.972549 0.537255 0.000000 1.000000 0 0 0 0
0.659722 0.660880 0.662037 0.972549 0.537255 0.000000 1.000000 0.972549 0.541176 0.000000 1.000000 0 0 0 0
0.662037 0.663194 0.664352 0.972549 0.541176 0.000000 1.000000 0.972549 0.545098 0.000000 1.000000 0 0 0 0
0.664352 0.665509 0.666667 0.972549 0.545098 0.000000 1.000000 0.972549 0.549020 0.000000 1.000000 0 0 0 0
0.666667 0.667824 0.668981 0.972549 0.549020 0.000000 1.000000 0.976471 0.552941 0.000000 1.000000 0 0 0 0
0.668981 0.670139 0.671296 0.976471 0.552941 0.000000 1.000000 0.976471 0.552941 0.000000 1.000000 0 0 0 0
0.671296 0.672454 0.673611 0.976471 0.552941 0.000000 1.000000 0.976471 0.556863 0.000000 1.000000 0 0 0 0
0.673611 0.674769 0.675926 0.976471 0.556863 0.000000 1.000000 0.976471 0.560784 0.000000 1.000000 0 0 0 0
0.675926 0.677083 0.678241 0.976471 0.560784 0.000000 1.000000 0.976471 0.564706 0.000000 1.000000 0 0 0 0
0.678241 0.679398 0.680556 0.976471 0.564706 0.000000 1.000000 0.976471 0.568627 0.000000 1.000000 0 0 0 0
0.680556 0.681713 0.682870 0.976471 0.568627 0.000000 1.000000 0.976471 0.572549 0.000000 1.000000 0 0 0 0
0.682870 0.684028 0.685185 0.976471 0.572549 0.000000 1.000000 0.976471 0.576471 0.000000 1.000000 0 0 0 0
0.685185 0.686343 0.687500 0.976471 0.576471 0.000000 1.000000 0.980392 0.580392 0.000000 1.000000 0 0 0 0
0.687500 0.688657 0.689815 0.980392 0.580392 0.000000 1.000000 0.980392 0.584314 0.000000 1.000000 0 0 0 0
0.689815 0.690972 0.692130 0.980392 0.584314 0.000000 1.000000 0.980392 0.588235 0.000000 1.000000 0 0 0 0
0.692130 0.693287 0.694444 0.980392 0.588235 0.000000 1.000000 0.984314 0.596078 0.000000 1.000000 0 0 0 0
0.694444 0.695602 0.696759 0.984314 0.596078 0.000000 1.000000 0.984314 0.600000 0.000000 1.000000 0 0 0 0
0.696759 0.697917 0.699074 0.984314 0.600000 0.000000 1.000000 0.984314 0.603922 0.000000 1.000000 0 0 0 0
0.699074 0.700231 0.701389 0.984314 0.603922 0.000000 1.000000 0.984314 0.611765 0.000000 1.000000 0 0 0 0
0.701389 0.702546 0.703704 0.984314 0.611765 0.000000 1.000000 0.988235 0.615686 0.000000 1.000000 0 0 0 0
0.703704 0.704861 0.706019 0.988235 0.615686 0.000000 1.000000 0.988235 0.623529 0.000000 1.000000 0 0 0 0
0.706019 0.707176 0.708333 0.988235 0.623529 0.000000 1.000000 0.988235 0.627451 0.000000 1.000000 0 0 0 0
0.708333 0.709491 0.710648 0.988235 0.627451 0.000000 1.000000 0.988235 0.631373 0.000000 1.000000 0 0 0 0
0.710648 0.711806 0.712963 0.988235 0.631373 0.000000 1.000000 0.992157 0.635294 0.000000 1.000000 0 0 0 0
0.712963 0.714120 0.715278 0.992157 0.635294 0.000000 1.000000 0.992157 0.639216 0.000000 1.000000 0 0 0 0
0.715278 0.716435 0.717593 0.992157 0.639216 0.000000 1.000000 0.992157 0.643137 0.000000 1.000000 0 0 0 0
0.717593 0.718750 0.719907 0.992157 0.643137 0.000000 1.000000 0.992157 0.650980 0.000000 1.000000 0 0 0 0
0.719907 0.721065 0.722222 0.992157 0.650980 0.000000 1.000000 0.992157 0.654902 0.000000 1.000000 0 0 0 0
0.722222 0.723380 0.724537 0.992157 0.654902 0.000000 1.000000 0.992157 0.658824 0.000000 1.000000 0 0 0 0
0.724537 0.725694 0.726852 0.992157 0.658824 0.000000 1.000000 0.992157 0.666667 0.000000 1.000000 0 0 0 0
0.726852 0.728009 0.729167 0.992157 0.666667 0.000000 1.000000 0.992157 0.670588 0.000000 1.000000 0 0 0 0
0.729167 0.730324 0.731481 0.992157 0.670588 0.000000 1.000000 0.992157 0.674510 0.000000 1.000000 0 0 0 0
0.731481 0.732639 0.733796 0.992157 0.674510 0.000000 1.000000 0.992157 0.678431 0.000000 1.000000 0 0 0 0
0.733796 0.734954 0.736111 0.992157 0.678431 0.000000 1.000000 0.992157 0.682353 0.000000 1.000000 0 0 0 0
0.736111 0.737269 0.738426 0.992157 0.682353 0.000000 1.000000 0.996078 0.686275 0.000000 1.000000 0 0 0 0
0.738426 0.739583 0.740741 0.996078 0.686275 0.000000 1.000000 0.996078 0.690196 0.000000 1.000000 0 0 0 0
0.740741 0.741898 0.743056 0.996078 0.690196 0.000000 1.000000 0.996078 0.694118 0.000000 1.000000 0 0 0 0
0.743056 0.744213 0.745370 0.996078 0.694118 0.000000 1.000000 0.996078 0.698039 0.000000 1.000000 0 0 0 0
0.745370 0.746528 0.747685 0.996078 0.698039 0.000000 1.000000 0.996078 0.701961 0.000000 1.000000 0 0 0 0
0.747685 0.748843 0.750000 0.996078 0.701961 0.000000 1.000000 0.996078 0.705882 0.000000 1.000000 0 0 0 0
0.750000 0.751157 0.752315 0.996078 0.705882 0.000000 1.000000 0.996078 0.709804 0.000000 1.000000 0 0 0 0
0.752315 0.753472 0.754630 0.996078 0.709804 0.000000 1.000000 0.996078 0.713725 0.000000 1.000000 0 0 0 0
0.754630 0.755787 0.756944 0.996078 0.713725 0.000000 1.000000 0.996078 0.721569 0.000000 1.000000 0 0 0 0
0.756944 0.758102 0.759259 0.996078 0.721569 0.000000 1.000000 0.996078 0.725490 0.000000 1.000000 0 0 0 0
0.759259 0.760417 0.761574 0.996078 0.725490 0.000000 1.000000 0.996078 0.725490 0.000000 1.000000 0 0 0 0
0.761574 0.762731 0.763889 0.996078 0.725490 0.000000 1.000000 0.996078 0.729412 0.000000 1.000000 0 0 0 0
0.763889 0.765046 0.766204 0.996078 0.729412 0.000000 1.000000 0.996078 0.733333 0.000000 1.000000 0 0 0 0
0.766204 0.767361 0.768519 0.996078 0.733333 0.000000 1.000000 0.996078 0.737255 0.000000 1.000000 0 0 0 0
0.768519 0.769676 0.770833 0.996078 0.737255 0.000000 1.000000 0.996078 0.741176 0.000000 1.000000 0 0 0 0
0.770833 0.771991 0.773148 0.996078 0.741176 0.000000 1.000000 0.996078 0.745098 0.000000 1.000000 0 0 0 0
0.773148 0.774306 0.775463 0.996078 0.745098 0.000000 1.000000 0.996078 0.752941 0.000000 1.000000 0 0 0 0
0.775463 0.776620 0.777778 0.996078 0.752941 0.000000 1.000000 0.996078 0.756863 0.000000 1.000000 0 0 0 0
0.777778 0.778935 0.780093 0.996078 0.756863 0.000000 1.000000 0.996078 0.760784 0.000000 1.000000 0 0 0 0
0.780093 0.781250 0.782407 0.996078 0.760784 0.000000 1.000000 0.996078 0.764706 0.000000 1.000000 0 0 0 0
0.782407 0.783565 0.784722 0.996078 0.764706 0.000000 1.000000 0.996078 0.768627 0.000000 1.000000 0 0 0 0
0.784722 0.785880 0.787037 0.996078 0.768627 0.000000 1.000000 0.996078 0.772549 0.000000 1.000000 0 0 0 0
0.787037 0.788194 0.789352 0.996078 0.772549 0.000000 1.000000 0.996078 0.776471 0.000000 1.000000 0 0 0 0
0.789352 0.790509 0.791667 0.996078 0.776471 0.000000 1.000000 0.996078 0.780392 0.000000 1.000000 0 0 0 0
0.791667 0.792824 0.793981 0.996078 0.780392 0.000000 1.000000 0.996078 0.784314 0.000000 1.000000 0 0 0 0
0.793981 0.795139 0.796296 0.996078 0.784314 0.000000 1.000000 0.996078 0.788235 0.003922 1.000000 0 0 0 0
0.796296 0.797454 0.798611 0.996078 0.788235 0.003922 1.000000 0.996078 0.792157 0.003922 1.000000 0 0 0 0
0.798611 0.799769 0.800926 0.996078 0.792157 0.003922 1.000000 0.996078 0.792157 0.003922 1.000000 0 0 0 0
0.800926 0.802083 0.803241 0.996078 0.792157 0.003922 1.000000 0.996078 0.796078 0.003922 1.000000 0 0 0 0
0.803241 0.804398 0.805556 0.996078 0.796078 0.003922 1.000000 0.996078 0.800000 0.007843 1.000000 0 0 0 0
0.805556 0.806713 0.807870 0.996078 0.800000 0.007843 1.000000 0.996078 0.803922 0.007843 1.000000 0 0 0 0
0.807870 0.809028 0.810185 0.996078 0.803922 0.007843 1.000000 0.996078 0.807843 0.011765 1.000000 0 0 0 0
0.810185 0.811343 0.812500 0.996078 0.807843 0.011765 1.000000 0.996078 0.811765 0.015686 1.000000 0 0 0 0
0.812500 0.813657 0.814815 0.996078 0.811765 0.015686 1.000000 0.996078 0.811765 0.015686 1.000000 0 0 0 0
0.814815 0.815972 0.817130 0.996078 0.811765 0.015686 1.000000 0.996078 0.815686 0.019608 1.000000 0 0 0 0
0.817130 0.818287 0.819444 0.996078 0.815686 0.019608 1.000000 0.996078 0.819608 0.023529 1.000000 0 0 0 0
0.819444 0.820602 0.821759 0.996078 0.819608 0.023529 1.000000 0.996078 0.827451 0.031373 1.000000 0 0 0 0
0.821759 0.822917 0.824074 0.996078 0.827451 0.031373 1.000000 0.996078 0.831373 0.035294 1.000000 0 0 0 0
0.824074 0.825231 0.826389 0.996078 0.831373 0.035294 1.000000 0.996078 0.835294 0.039216 1.000000 0 0 0 0
0.826389 0.827546 0.828704 0.996078 0.835294 0.039216 1.000000 0.996078 0.839216 0.039216 1.000000 0 0 0 0
0.828704 0.829861 0.831019 0.996078 0.839216 0.039216 1.000000 0.996078 0.843137 0.043137 1.000000 0 0 0 0
0.831019 0.832176 0.833333 0.996078 0.843137 0.043137 1.000000 0.996078 0.847059 0.047059 1.000000 0 0 0 0
0.833333 0.834491 0.835648 0.996078 0.847059 0.047059 1.000000 0.996078 0.850980 0.050980 1.000000 0 0 0 0
0.835648 0.836806 0.837963 0.996078 0.850980 0.050980 1.000000 1.000000 0.854902 0.054902 1.000000 0 0 0 0
0.837963 0.839120 0.840278 1.000000 0.854902 0.054902 1.000000 1.000000 0.854902 0.054902 1.000000 0 0 0 0
0.840278 0.841435 0.842593 1.000000 0.854902 0.054902 1.000000 1.000000 0.858824 0.062745 1.000000 0 0 0 0
0.842593 0.843750 0.844907 1.000000 0.858824 0.062745 1.000000 1.000000 0.862745 0.070588 1.000000 0 0 0 0
0.844907 0.846065 0.847222 1.000000 0.862745 0.070588 1.000000 1.000000 0.862745 0.078431 1.000000 0 0 0 0
0.847222 0.848380 0.849537 1.000000 0.862745 0.078431 1.000000 1.000000 0.866667 0.086275 1.000000 0 0 0 0
0.849537 0.850694 0.851852 1.000000 0.866667 0.086275 1.000000 1.000000 0.870588 0.098039 1.000000 0 0 0 0
0.851852 0.853009 0.854167 1.000000 0.870588 0.098039 1.000000 1.000000 0.870588 0.105882 1.000000 0 0 0 0
0.854167 0.855324 0.856481 1.000000 0.870588 0.105882 1.000000 1.000000 0.874510 0.117647 1.000000 0 0 0 0
0.856481 0.857639 0.858796 1.000000 0.874510 0.117647 1.000000 1.000000 0.878431 0.125490 1.000000 0 0 0 0
0.858796 0.859954 0.861111 1.000000 0.878431 0.125490 1.000000 1.000000 0.882353 0.133333 1.000000 0 0 0 0
0.861111 0.862269 0.863426 1.000000 0.882353 0.133333 1.000000 1.000000 0.886275 0.141176 1.000000 0 0 0 0
0.863426 0.864583 0.865741 1.000000 0.886275 0.141176 1.000000 1.000000 0.886275 0.149020 1.000000 0 0 0 0
0.865741 0.866898 0.868056 1.000000 0.886275 0.149020 1.000000 1.000000 0.890196 0.156863 1.000000 0 0 0 0
0.868056 0.869213 0.870370 1.000000 0.890196 0.156863 1.000000 1.000000 0.894118 0.168627 1.000000 0 0 0 0
0.870370 0.871528 0.872685 1.000000 0.894118 0.168627 1.000000 1.000000 0.894118 0.180392 1.000000 0 0 0 0
0.872685 0.873843 0.875000 1.000000 0.894118 0.180392 1.000000 1.000000 0.898039 0.192157 1.000000 0 0 0 0
0.875000 0.876157 0.877315 1.000000 0.898039 0.192157 1.000000 1.000000 0.901961 0.207843 1.000000 0 0 0 0
0.877315 0.878472 0.879630 1.000000 0.901961 0.207843 1.000000 1.000000 0.901961 0.219608 1.000000 0 0 0 0
0.879630 0.880787 0.881944 1.000000 0.901961 0.219608 1.000000 1.000000 0.905882 0.235294 1.000000 0 0 0 0
0.881944 0.883102 0.884259 1.000000 0.905882 0.235294 1.000000 1.000000 0.909804 0.247059 1.000000 0 0 0 0
0.884259 0.885417 0.886574 1.000000 0.909804 0.247059 1.000000 1.000000 0.913725 0.262745 1.000000 0 0 0 0
0.886574 0.887731 0.888889 1.000000 0.913725 0.262745 1.000000 1.000000 0.917647 0.274510 1.000000 0 0 0 0
0.888889 0.890046 0.891204 1.000000 0.917647 0.274510 1.000000 1.000000 0.921569 0.286275 1.000000 0 0 0 0
0.891204 0.892361 0.893519 1.000000 0.921569 0.286275 1.000000 1.000000 0.921569 0.301961 1.000000 0 0 0 0
0.893519 0.894676 0.895833 1.000000 0.921569 0.301961 1.000000 1.000000 0.925490 0.313725 1.000000 0 0 0 0
0.895833 0.896991 0.898148 1.000000 0.925490 0.313725 1.000000 1.000000 0.929412 0.329412 1.000000 0 0 0 0
0.898148 0.899306 0.900463 1.000000 0.929412 0.329412 1.000000 1.000000 0.933333 0.341176 1.000000 0 0 0 0
0.900463 0.901620 0.902778 1.000000 0.933333 0.341176 1.000000 1.000000 0.933333 0.356863 1.000000 0 0 0 0
0.902778 0.903935 0.905093 1.000000 0.933333 0.356863 1.000000 1.000000 0.933333 0.372549 1.000000 0 0 0 0
0.905093 0.906250 0.907407 1.000000 0.933333 0.372549 1.000000 1.000000 0.937255 0.388235 1.000000 0 0 0 0
0.907407 0.908565 0.909722 1.000000 0.937255 0.388235 1.000000 1.000000 0.937255 0.403922 1.000000 0 0 0 0
0.909722 0.910880 0.912037 1.000000 0.937255 0.403922 1.000000 1.000000 0.941176 0.415686 1.000000 0 0 0 0
0.912037 0.913194 0.914352 1.000000 0.941176 0.415686 1.000000 1.000000 0.941176 0.431373 1.000000 0 0 0 0
0.914352 0.915509 0.916667 1.000000 0.941176 0.431373 1.000000 1.000000 0.945098 0.447059 1.000000 0 0 0 0
0.916667 0.917824 0.918981 1.000000 0.945098 0.447059 1.000000 1.000000 0.945098 0.466667 1.000000 0 0 0 0
0.918981 0.920139 0.921296 1.000000 0.945098 0.466667 1.000000 1.000000 0.945098 0.482353 1.000000 0 0 0 0
0.921296 0.922454 0.923611 1.000000 0.945098 0.482353 1.000000 1.000000 0.949020 0.501961 1.000000 0 0 0 0
0.923611 0.924769 0.925926 1.000000 0.949020 0.501961 1.000000 1.000000 0.949020 0.521569 1.000000 0 0 0 0
0.925926 0.927083 0.928241 1.000000 0.949020 0.521569 1.000000 1.000000 0.949020 0.541176 1.000000 0 0 0 0
0.928241 0.929398 0.930556 1.000000 0.949020 0.541176 1.000000 1.000000 0.952941 0.556863 1.000000 0 0 0 0
0.930556 0.931713 0.932870 1.000000 0.952941 0.556863 1.000000 1.000000 0.956863 0.572549 1.000000 0 0 0 0
0.932870 0.934028 0.935185 1.000000 0.956863 0.572549 1.000000 1.000000 0.956863 0.588235 1.000000 0 0 0 0
0.935185 0.936343 0.937500 1.000000 0.956863 0.588235 1.000000 1.000000 0.956863 0.603922 1.000000 0 0 0 0
0.937500 0.938657 0.939815 1.000000 0.956863 0.603922 1.000000 1.000000 0.960784 0.619608 1.000000 0 0 0 0
0.939815 0.940972 0.942130 1.000000 0.960784 0.619608 1.000000 1.000000 0.960784 0.635294 1.000000 0 0 0 0
0.942130 0.943287 0.944444 1.000000 0.960784 0.635294 1.000000 1.000000 0.960784 0.650980 1.000000 0 0 0 0
0.944444 0.945602 0.946759 1.000000 0.960784 0.650980 1.000000 1.000000 0.964706 0.666667 1.000000 0 0 0 0
0.946759 0.947917 0.949074 1.000000 0.964706 0.666667 1.000000 1.000000 0.964706 0.686275 1.000000 0 0 0 0
0.949074 0.950231 0.951389 1.000000 0.964706 0.686275 1.000000 1.000000 0.968627 0.701961 1.000000 0 0 0 0
0.951389 0.952546 0.953704 1.000000 0.968627 0.701961 1.000000 1.000000 0.968627 0.713725 1.000000 0 0 0 0
0.953704 0.954861 0.956019 1.000000 0.968627 0.713725 1.000000 1.000000 0.972549 0.729412 1.000000 0 0 0 0
0.956019 0.957176 0.958333 1.000000 0.972549 0.729412 1.000000 1.000000 0.972549 0.741176 1.000000 0 0 0 0
0.958333 0.959491 0.960648 1.000000 0.972549 0.741176 1.000000 1.000000 0.972549 0.756863 1.000000 0 0 0 0
0.960648 0.961806 0.962963 1.000000 0.972549 0.756863 1.000000 1.000000 0.972549 0.768627 1.000000 0 0 0 0
0.962963 0.964120 0.965278 1.000000 0.972549 0.768627 1.000000 1.000000 0.976471 0.780392 1.000000 0 0 0 0
0.965278 0.966435 0.967593 1.000000 0.976471 0.780392 1.000000 1.000000 0.976471 0.792157 1.000000 0 0 0 0
0.967593 0.968750 0.969907 1.000000 0.976471 0.792157 1.000000 1.000000 0.976471 0.803922 1.000000 0 0 0 0
0.969907 0.971065 0.972222 1.000000 0.976471 0.803922 1.000000 1.000000 0.980392 0.819608 1.000000 0 0 0 0
0.972222 0.973380 0.974537 1.000000 0.980392 0.819608 1.000000 1.000000 0.980392 0.831373 1.000000 0 0 0 0
0.974537 0.975694 0.976852 1.000000 0.980392 0.831373 1.000000 1.000000 0.984314 0.847059 1.000000 0 0 0 0
0.976852 0.978009 0.979167 1.000000 0.984314 0.847059 1.000000 1.000000 0.988235 0.858824 1.000000 0 0 0 0
0.979167 0.980324 0.981481 1.000000 0.988235 0.858824 1.000000 1.000000 0.988235 0.874510 1.000000 0 0 0 0
0.981481 0.982639 0.983796 1.000000 0.988235 0.874510 1.000000 1.000000 0.992157 0.886275 1.000000 0 0 0 0
0.983796 0.984954 0.986111 1.000000 0.992157 0.886275 1.000000 1.000000 0.992157 0.898039 1.000000 0 0 0 0
0.986111 0.987269 0.988426 1.000000 0.992157 0.898039 1.000000 1.000000 0.992157 0.909804 1.000000 0 0 0 0
0.988426 0.989583 0.990741 1.000000 0.992157 0.909804 1.000000 1.000000 0.996078 0.921569 1.000000 0 0 0 0
0.990741 0.991898 0.993056 1.000000 0.996078 0.921569 1.000000 1.000000 0.996078 0.933333 1.000000 0 0 0 0
0.993056 0.994213 0.995370 1.000000 0.996078 0.933333 1.000000 1.000000 0.996078 0.945098 1.000000 0 0 0 0
0.995370 0.996528 0.997685 1.000000 0.996078 0.945098 1.000000 1.000000 0.996078 0.956863 1.000000 0 0 0 0
0.997685 0.998843 1.000000 1.000000 0.996078 0.956863 1.000000 1.000000 1.000000 0.964706 1.000000 0 0 0 0
